#PACS PointSourceLoss. Version: 4
#Wavelength	Fraction_in1	Fraction_Cto3x3	Fraction_in3x3	Fraction_in5x5
51.0 0.745281 0.780194 0.955251 0.960811
52.0 0.739947 0.780386 0.948181 0.961005
53.0 0.734861 0.780541 0.941477 0.961192
54.0 0.73009 0.780658 0.935224 0.961303
55.0 0.725677 0.780738 0.929476 0.961294
56.0 0.721611 0.780781 0.924217 0.961234
57.0 0.717931 0.780787 0.919497 0.961196
58.0 0.714689 0.780756 0.91538 0.961182596007
59.0 0.711853 0.780689 0.911826 0.961161
60.0 0.709336 0.780586 0.908722 0.961114
61.0 0.707102 0.780446 0.906022 0.961068
62.0 0.705183 0.780271 0.903767 0.960932
63.0 0.703587 0.78006 0.901966 0.960707
64.0 0.702259 0.779813 0.900548 0.960592233623
65.0 0.701129 0.77953 0.899425 0.960458
66.0 0.700171 0.779213 0.898562 0.96015
67.0 0.699388 0.77886 0.897964 0.959826
68.0 0.698773 0.778472 0.897621 0.959674596258
69.0 0.698291 0.778049 0.89749 0.959546
70.0 0.697896 0.777592 0.897509 0.959271
71.0 0.697559 0.7771 0.897644 0.958975
72.0 0.697283 0.776574 0.897896 0.95884418341
73.0 0.697087 0.776014 0.898292 0.958688
74.0 0.696978 0.77542 0.898839 0.958367
75.0 0.696932 0.774792 0.899508 0.958193936639
76.0 0.696897 0.774131 0.900232 0.958024
77.0 0.696819 0.773436 0.90094 0.957702
78.0 0.696666 0.772707 0.901591 0.957510834501
79.0 0.696428 0.771946 0.902172 0.957359
80.0 0.696114 0.771152 0.902694 0.957126
81.0 0.695728 0.770325 0.903162 0.957010123129
82.0 0.695271 0.769465 0.903577 0.956984
83.0 0.694731 0.768573 0.903923 0.956966105143
84.0 0.6941 0.767649 0.904189 0.956984
85.0 0.693369 0.766693 0.904364 0.957067
86.0 0.692541 0.765704 0.90445 0.957157627661
87.0 0.691627 0.764684 0.904461 0.957234
88.0 0.690643 0.763633 0.904418 0.957293192217
89.0 0.689602 0.76255 0.904337 0.957347
90.0 0.688515 0.761435 0.904233 0.957396728473
91.0 0.68738 0.76029 0.904102 0.957387
92.0 0.686188 0.759114 0.903933 0.957284
93.0 0.684922 0.757907 0.903702 0.95716542377
94.0 0.683564 0.756669 0.903386 0.957019
95.0 0.682098 0.755401 0.902961 0.956810304261
96.0 0.680518 0.754103 0.90242 0.956542
97.0 0.678824 0.752775 0.901762 0.956221609185
98.0 0.677024 0.751417 0.900997 0.955839
99.0 0.675131 0.750029 0.90014 0.955390508998
100.0 0.67316 0.748612 0.899211 0.954916
101.0 0.671122 0.747165 0.898225 0.954442854822
102.0 0.669024 0.745689 0.897189 0.953905
103.0 0.666867 0.744184 0.896105 0.953246446713
104.0 0.66465 0.74265 0.89497 0.952545
105.0 0.662369 0.741088 0.89378 0.951896983326
106.0 0.66002 0.739497 0.892526 0.951339
107.0 0.657602 0.737877 0.891208 0.950863744982
108.0 0.655113 0.73623 0.889822 0.950348
109.0 0.652558 0.734554 0.888373 0.949691661747
110.0 0.649941 0.732851 0.886867 0.949003
111.0 0.647271 0.731119 0.885315 0.948407129503
112.0 0.644556 0.729361 0.883727 0.947888171768
113.0 0.641805 0.727575 0.882116 0.947395
114.0 0.639023 0.725761 0.880486 0.946887674006
115.0 0.636218 0.723921 0.87885 0.946371
116.0 0.633393 0.722054 0.87721 0.945858148397
117.0 0.63055 0.720161 0.875569 0.945351
118.0 0.62769 0.71824 0.873927 0.944853155506
119.0 0.624811 0.716294 0.872283 0.944386384785
120.0 0.621912 0.714321 0.870633 0.943977
121.0 0.618989 0.712323 0.868973 0.943629358703
122.0 0.61604 0.710298 0.867298 0.94326
123.0 0.613063 0.708248 0.865605 0.942799949842
124.0 0.610056 0.706172 0.863891 0.942326
125.0 0.607019 0.704072 0.862155 0.941923936123
126.0 0.603954 0.701946 0.8604 0.941569753539
127.0 0.600864 0.699795 0.858629 0.941212
128.0 0.597752 0.697619 0.856846 0.940816851873
129.0 0.594624 0.695418 0.855059 0.940421
130.0 0.591484 0.693193 0.853274 0.940067970638
131.0 0.588341 0.690944 0.851503 0.939758117226
132.0 0.585198 0.688671 0.84975 0.939481
133.0 0.582061 0.686374 0.848023 0.939225747054
134.0 0.578935 0.684053 0.846331 0.938979757923
135.0 0.575823 0.681708 0.844677 0.93873
136.0 0.572727 0.67934 0.843064 0.93847118476
137.0 0.569648 0.676949 0.841494 0.938229
138.0 0.566586 0.674534 0.839966 0.938028598066
139.0 0.56354 0.672097 0.838481 0.937862013173
140.0 0.560507 0.669636 0.837032 0.937713
141.0 0.557485 0.667154 0.835617 0.937567352577
142.0 0.554471 0.664649 0.834232 0.937419022321
143.0 0.551461 0.662121 0.83287 0.937264
144.0 0.548453 0.659572 0.831529 0.937100176812
145.0 0.545444 0.657 0.830204 0.93693304569
146.0 0.542431 0.654407 0.82889 0.93677
147.0 0.539413 0.651792 0.827585 0.936617199435
148.0 0.536389 0.649156 0.826287 0.936475868994
149.0 0.533358 0.646498 0.824995 0.936346
150.0 0.530319 0.64382 0.823707 0.936228173595
151.0 0.527274 0.64112 0.822426 0.936125330187
152.0 0.524224 0.6384 0.821152 0.936041
153.0 0.521169 0.63566 0.819887 0.935977365443
154.0 0.518111 0.632899 0.818632 0.935931217665
155.0 0.515051 0.630117 0.817389 0.935898
156.0 0.511992 0.627316 0.816163 0.935876105374
157.0 0.508934 0.624495 0.814953 0.935875725079
158.0 0.50588 0.621654 0.813765 0.93591
159.0 0.50283 0.618793 0.812598 0.935987842691
160.0 0.499786 0.615913 0.811455 0.936101252388
161.0 0.496749 0.613014 0.810339 0.936238
162.0 0.49372 0.610096 0.80925 0.936388412752
163.0 0.490698 0.607159 0.808187 0.936553043145
164.0 0.487685 0.604203 0.807154 0.936735
165.0 0.484681 0.601229 0.806151 0.936934210006
166.0 0.481685 0.598236 0.805175 0.937137871327
167.0 0.478699 0.595226 0.804231 0.93733
168.0 0.475721 0.592197 0.803316 0.937499525981
169.0 0.472751 0.58915 0.802429 0.937655034924
170.0 0.469789 0.586086 0.80157 0.937810026405
171.0 0.466834 0.583004 0.800739 0.937978
172.0 0.463887 0.579905 0.799937 0.938166129017
173.0 0.460947 0.576788 0.799161 0.938356281694
174.0 0.458013 0.573655 0.798412 0.938524
175.0 0.455086 0.570505 0.79769 0.938650960765
176.0 0.452164 0.567338 0.796992 0.938743380263
177.0 0.449249 0.564154 0.796323 0.938813609629
178.0 0.44634 0.560955 0.795679 0.938874
179.0 0.443436 0.557739 0.79506 0.938933434047
180.0 0.440539 0.554507 0.79447 0.938986920594
181.0 0.437648 0.551259 0.793906 0.939026
182.0 0.434763 0.547996 0.793369 0.939041664916
183.0 0.431884 0.544717 0.792859 0.939022717153
184.0 0.429013 0.541423 0.79238 0.938957410814
185.0 0.426149 0.538114 0.791931 0.938834
186.0 0.423293 0.53479 0.791513 0.93864763949
187.0 0.420445 0.531451 0.791127 0.938421086769
188.0 0.417607 0.528097 0.790777 0.938184
189.0 0.414777 0.524729 0.790459 0.937958826788
190.0 0.411958 0.521347 0.79018 0.937739172506
191.0 0.40915 0.51795 0.789941 0.937511431971
192.0 0.406352 0.51454 0.789739 0.937262
193.0 0.403566 0.511116 0.789579 0.936979767438
194.0 0.400793 0.507678 0.789463 0.936663609253
195.0 0.398032 0.504226 0.789391 0.936314896442
196.0 0.395284 0.500762 0.789365 0.935935
197.0 0.39255 0.497284 0.789388 0.935525494084
198.0 0.389829 0.493794 0.789457 0.935088765481
199.0 0.387123 0.49029 0.789579 0.934627404137
200.0 0.384431 0.486774 0.789752 0.934144
201.0 0.381753 0.483246 0.789977 0.933640662477
202.0 0.37909 0.479705 0.790256 0.933117578824
203.0 0.376441 0.476152 0.790589 0.932574455759
204.0 0.373806 0.472588 0.790977 0.932011
205.0 0.371186 0.469011 0.791422 0.931426512258
206.0 0.368579 0.465423 0.791922 0.930818669222
207.0 0.365986 0.461824 0.79248 0.930184741575
208.0 0.363407 0.458213 0.793096 0.929522
209.0 0.36084 0.454591 0.793768 0.928826897866
210.0 0.358285 0.450959 0.794496 0.928092619288
211.0 0.355743 0.447315 0.795284 0.927311531065
212.0 0.353211 0.443662 0.796127 0.926476
213.0 0.35069 0.439997 0.797028 0.925585958778
214.0 0.348179 0.436323 0.797985 0.924671603628
215.0 0.345678 0.432638 0.799 0.923770696664
216.0 0.343185 0.428944 0.80007 0.922921
217.0 0.340699 0.425239 0.801193 0.92214591299
218.0 0.338221 0.421526 0.802373 0.921411383939
219.0 0.33575 0.417803 0.803609 0.920668998394
220.0 0.333284 0.41407 0.804897 0.919870341899
