   50.0000    0.9650
   51.0000    0.9647
   52.0000    0.9646
   53.0000    0.9644
   54.0000    0.9642
   55.0000    0.9639
   56.0000    0.9633
   57.0000    0.9626
   58.0000    0.9616
   59.0000    0.9605
   60.0000    0.9591
   61.0000    0.9574
   62.0000    0.9556
   63.0000    0.9537
   64.0000    0.9518
   65.0000    0.9500
   66.0000    0.9481
   67.0000    0.9464
   68.0000    0.9449
   69.0000    0.9435
   70.0000    0.9423
   71.0000    0.9412
   72.0000    0.9402
   73.0000    0.9393
   74.0000    0.9386
   75.0000    0.9380
   76.0000    0.9375
   77.0000    0.9369
   78.0000    0.9364
   79.0000    0.9357
   80.0000    0.9351
   81.0000    0.9344
   82.0000    0.9338
   83.0000    0.9332
   84.0000    0.9326
   85.0000    0.9319
   86.0000    0.9314
   87.0000    0.9308
   88.0000    0.9304
   89.0000    0.9300
   90.0000    0.9298
   91.0000    0.9296
   92.0000    0.9296
   93.0000    0.9296
   94.0000    0.9297
   95.0000    0.9298
   96.0000    0.9298
   97.0000    0.9299
   98.0000    0.9299
   99.0000    0.9300
  100.0000    0.9300
  101.0000    0.9300
  102.0000    0.9301
  103.0000    0.9301
  104.0000    0.9301
  105.0000    0.9301
  106.0000    0.9300
  107.0000    0.9299
  108.0000    0.9297
  109.0000    0.9294
  110.0000    0.9291
  111.0000    0.9286
  112.0000    0.9282
  113.0000    0.9276
  114.0000    0.9270
  115.0000    0.9263
  116.0000    0.9256
  117.0000    0.9249
  118.0000    0.9240
  119.0000    0.9232
  120.0000    0.9222
  121.0000    0.9212
  122.0000    0.9201
  123.0000    0.9190
  124.0000    0.9177
  125.0000    0.9164
  126.0000    0.9150
  127.0000    0.9135
  128.0000    0.9120
  129.0000    0.9104
  130.0000    0.9087
  131.0000    0.9070
  132.0000    0.9053
  133.0000    0.9035
  134.0000    0.9018
  135.0000    0.9000
  136.0000    0.8983
  137.0000    0.8965
  138.0000    0.8948
  139.0000    0.8931
  140.0000    0.8914
  141.0000    0.8897
  142.0000    0.8880
  143.0000    0.8863
  144.0000    0.8846
  145.0000    0.8830
  146.0000    0.8813
  147.0000    0.8796
  148.0000    0.8779
  149.0000    0.8763
  150.0000    0.8746
  151.0000    0.8729
  152.0000    0.8712
  153.0000    0.8696
  154.0000    0.8679
  155.0000    0.8663
  156.0000    0.8647
  157.0000    0.8631
  158.0000    0.8616
  159.0000    0.8601
  160.0000    0.8586
  161.0000    0.8572
  162.0000    0.8557
  163.0000    0.8544
  164.0000    0.8531
  165.0000    0.8518
  166.0000    0.8505
  167.0000    0.8493
  168.0000    0.8482
  169.0000    0.8471
  170.0000    0.8460
  171.0000    0.8450
  172.0000    0.8440
  173.0000    0.8430
  174.0000    0.8421
  175.0000    0.8412
  176.0000    0.8404
  177.0000    0.8396
  178.0000    0.8388
  179.0000    0.8380
  180.0000    0.8373
  181.0000    0.8366
  182.0000    0.8360
  183.0000    0.8353
  184.0000    0.8347
  185.0000    0.8342
  186.0000    0.8336
  187.0000    0.8331
  188.0000    0.8326
  189.0000    0.8322
  190.0000    0.8317
  191.0000    0.8314
  192.0000    0.8310
  193.0000    0.8307
  194.0000    0.8304
  195.0000    0.8301
  196.0000    0.8298
  197.0000    0.8296
  198.0000    0.8295
  199.0000    0.8293
  200.0000    0.8292
  201.0000    0.8291
  202.0000    0.8290
  203.0000    0.8290
  204.0000    0.8290
  205.0000    0.8291
  206.0000    0.8291
  207.0000    0.8292
  208.0000    0.8293
  209.0000    0.8294
  210.0000    0.8296
  211.0000    0.8298
  212.0000    0.8299
  213.0000    0.8302
  214.0000    0.8304
  215.0000    0.8306
  216.0000    0.8309
  217.0000    0.8311
  218.0000    0.8314
  219.0000    0.8317
  220.0000    0.8319
